#DataThief C:\Users\bwc\Desktop\CRY18_Lum_data.png Thursday 21-Sep-2017 10:50:53 AM
215.1174, 0.0105
215.6569, 0.0105
216.1965, 0.0105
216.7361, 0.0105
217.2756, 0.0105
217.8152, 0.0105
218.3548, 0.0105
218.893, 9.0113e-3
219.4325, 9.0113e-3
219.9721, 9.0113e-3
220.5117, 9.0113e-3
221.0513, 9.0113e-3
221.5895, 7.5094e-3
222.1291, 7.5094e-3
222.6686, 7.5094e-3
223.2082, 7.5094e-3
223.7478, 7.5094e-3
224.2873, 7.5094e-3
224.8269, 7.5094e-3
225.3665, 7.5094e-3
225.906, 7.5094e-3
226.4456, 7.5094e-3
226.9851, 7.5094e-3
227.5247, 7.5094e-3
228.0643, 7.5094e-3
228.6038, 7.5094e-3
229.1434, 7.5094e-3
229.683, 7.5094e-3
230.2226, 7.5094e-3
230.7621, 7.5094e-3
231.3017, 7.5094e-3
231.8413, 7.5094e-3
232.3809, 7.5094e-3
232.9203, 7.5094e-3
233.46, 7.5094e-3
233.9996, 7.5094e-3
234.5391, 7.5094e-3
235.0787, 7.5094e-3
235.6183, 7.5094e-3
236.1578, 7.5094e-3
236.696, 6.0075e-3
237.2356, 6.0075e-3
237.7752, 6.0075e-3
238.3148, 6.0075e-3
238.8542, 6.0075e-3
239.3939, 6.0075e-3
239.9321, 4.5056e-3
240.4717, 4.5056e-3
241.0126, 6.0075e-3
241.5522, 6.0075e-3
242.0917, 6.0075e-3
242.6313, 6.0075e-3
243.1709, 6.0075e-3
243.7104, 6.0075e-3
244.2487, 4.5056e-3
244.7882, 4.5056e-3
245.3277, 4.5056e-3
245.8674, 4.5056e-3
246.4069, 4.5056e-3
246.9465, 4.5056e-3
247.4861, 4.5056e-3
248.0256, 4.5056e-3
248.5652, 4.5056e-3
249.1048, 4.5056e-3
249.6442, 4.5056e-3
250.1839, 4.5056e-3
250.7235, 4.5056e-3
251.263, 4.5056e-3
251.8013, 3.0038e-3
252.3408, 3.0038e-3
252.8817, 4.5056e-3
253.4213, 4.5056e-3
253.9609, 4.5056e-3
254.5005, 4.5056e-3
255.04, 4.5056e-3
255.5796, 4.5056e-3
256.1192, 4.5056e-3
256.6587, 4.5056e-3
257.1983, 4.5056e-3
257.7379, 4.5056e-3
258.2774, 4.5056e-3
258.817, 4.5056e-3
259.3566, 4.5056e-3
259.8961, 4.5056e-3
260.4357, 4.5056e-3
260.9752, 4.5056e-3
261.5148, 4.5056e-3
262.0544, 4.5056e-3
262.5939, 4.5056e-3
263.1335, 4.5056e-3
263.6731, 4.5056e-3
264.2127, 4.5056e-3
264.7523, 4.5056e-3
265.2918, 4.5056e-3
265.8314, 4.5056e-3
266.371, 4.5056e-3
266.9104, 4.5056e-3
267.4501, 4.5056e-3
267.9897, 4.5056e-3
268.5292, 4.5056e-3
269.0688, 4.5056e-3
269.6084, 4.5056e-3
270.1479, 4.5056e-3
270.6875, 4.5056e-3
271.2271, 4.5056e-3
271.7666, 4.5056e-3
272.3062, 4.5056e-3
272.8458, 4.5056e-3
273.3853, 4.5056e-3
273.9249, 4.5056e-3
274.4645, 4.5056e-3
275.0041, 4.5056e-3
275.5436, 4.5056e-3
276.0832, 4.5056e-3
276.6228, 4.5056e-3
277.1623, 4.5056e-3
277.7019, 4.5056e-3
278.2415, 4.5056e-3
278.781, 4.5056e-3
279.3206, 4.5056e-3
279.8601, 4.5056e-3
280.3997, 4.5056e-3
280.9393, 4.5056e-3
281.4788, 4.5056e-3
282.0184, 4.5056e-3
282.558, 4.5056e-3
283.0976, 4.5056e-3
283.6371, 4.5056e-3
284.1767, 4.5056e-3
284.7163, 4.5056e-3
285.2559, 4.5056e-3
285.7953, 4.5056e-3
286.335, 4.5056e-3
286.8746, 4.5056e-3
287.4141, 4.5056e-3
287.9537, 4.5056e-3
288.4933, 4.5056e-3
289.0328, 4.5056e-3
289.5724, 4.5056e-3
290.112, 4.5056e-3
290.6515, 4.5056e-3
291.1911, 4.5056e-3
291.7307, 4.5056e-3
292.2702, 4.5056e-3
292.8098, 4.5056e-3
293.3494, 4.5056e-3
293.8889, 4.5056e-3
294.4285, 4.5056e-3
294.9681, 4.5056e-3
295.5076, 4.5056e-3
296.0472, 4.5056e-3
296.5868, 4.5056e-3
297.1264, 4.5056e-3
297.6659, 4.5056e-3
298.2055, 4.5056e-3
298.745, 4.5056e-3
299.2846, 4.5056e-3
299.8242, 4.5056e-3
300.3638, 4.5056e-3
300.9047, 6.0075e-3
301.4443, 6.0075e-3
301.9838, 6.0075e-3
302.5234, 6.0075e-3
303.063, 6.0075e-3
303.6025, 6.0075e-3
304.1421, 6.0075e-3
304.6817, 6.0075e-3
305.2212, 6.0075e-3
305.7608, 6.0075e-3
306.3004, 6.0075e-3
306.8399, 6.0075e-3
307.3795, 6.0075e-3
307.9191, 6.0075e-3
308.4586, 6.0075e-3
308.9982, 6.0075e-3
309.5377, 6.0075e-3
310.0773, 6.0075e-3
310.6169, 6.0075e-3
311.1565, 6.0075e-3
311.696, 6.0075e-3
312.2356, 6.0075e-3
312.7752, 6.0075e-3
313.3148, 6.0075e-3
313.8542, 6.0075e-3
314.3939, 6.0075e-3
314.9335, 6.0075e-3
315.4729, 6.0075e-3
316.0126, 6.0075e-3
316.5522, 6.0075e-3
317.0917, 6.0075e-3
317.6313, 6.0075e-3
318.1709, 6.0075e-3
318.7104, 6.0075e-3
319.25, 6.0075e-3
319.7896, 6.0075e-3
320.3291, 6.0075e-3
320.8687, 6.0075e-3
321.4083, 6.0075e-3
321.9492, 7.5094e-3
322.4888, 7.5094e-3
323.0283, 7.5094e-3
323.5678, 7.5094e-3
324.1075, 7.5094e-3
324.647, 7.5094e-3
325.1865, 7.5094e-3
325.7262, 7.5094e-3
326.2657, 7.5094e-3
326.8053, 7.5094e-3
327.3435, 6.0075e-3
327.8831, 6.0075e-3
328.4227, 6.0075e-3
328.9622, 6.0075e-3
329.5018, 6.0075e-3
330.0414, 6.0075e-3
330.5809, 6.0075e-3
331.1205, 6.0075e-3
331.6601, 6.0075e-3
332.1996, 6.0075e-3
332.7391, 6.0075e-3
333.2788, 6.0075e-3
333.8184, 6.0075e-3
334.3578, 6.0075e-3
334.8975, 6.0075e-3
335.4371, 6.0075e-3
335.9766, 6.0075e-3
336.5162, 6.0075e-3
337.0558, 6.0075e-3
337.5953, 6.0075e-3
338.1349, 6.0075e-3
338.6745, 6.0075e-3
339.214, 6.0075e-3
339.7536, 6.0075e-3
340.2932, 6.0075e-3
340.8327, 6.0075e-3
341.3723, 6.0075e-3
341.9119, 6.0075e-3
342.4514, 6.0075e-3
342.991, 6.0075e-3
343.5306, 6.0075e-3
344.0702, 6.0075e-3
344.6097, 6.0075e-3
345.1493, 6.0075e-3
345.6888, 6.0075e-3
346.2284, 6.0075e-3
346.768, 6.0075e-3
347.3075, 6.0075e-3
347.8485, 7.5094e-3
348.388, 7.5094e-3
348.9276, 7.5094e-3
349.4672, 7.5094e-3
350.0068, 7.5094e-3
350.5463, 7.5094e-3
351.0859, 7.5094e-3
351.6268, 9.0113e-3
352.1663, 9.0113e-3
352.7059, 9.0113e-3
353.2455, 9.0113e-3
353.7851, 9.0113e-3
354.326, 0.0105
354.8669, 0.012
355.4078, 0.0135
355.9474, 0.0135
356.487, 0.0135
357.0279, 0.015
357.5688, 0.0165
358.1097, 0.018
358.6507, 0.0195
359.1902, 0.0195
359.7311, 0.021
360.2734, 0.024
360.817, 0.0285
361.3606, 0.033
361.9016, 0.0345
362.4479, 0.0421
362.9902, 0.0451
363.5338, 0.0496
364.0787, 0.0556
364.6237, 0.0616
365.1687, 0.0676
365.7164, 0.0766
366.2694, 0.0916
366.8157, 0.0991
367.3634, 0.1081
367.9165, 0.1232
368.4628, 0.1307
369.0105, 0.1397
369.5716, 0.1637
370.1234, 0.1772
370.6764, 0.1922
371.2363, 0.2147
371.788, 0.2283
372.3425, 0.2448
372.9104, 0.2763
373.4635, 0.2913
374.0152, 0.3049
374.5885, 0.3424
375.1443, 0.3605
375.6987, 0.377
376.253, 0.3935
376.8277, 0.4325
377.3917, 0.4596
377.9583, 0.4896
378.5262, 0.5211
379.0779, 0.5347
379.6324, 0.5512
380.1976, 0.5796
380.7547, 0.5992
381.32, 0.6278
381.896, 0.6683
382.4518, 0.6864
383.0075, 0.7044
383.5741, 0.7344
384.1272, 0.7494
384.683, 0.7675
385.2509, 0.799
385.804, 0.814
386.3557, 0.8275
386.9142, 0.8486
387.4618, 0.8576
388.0136, 0.8711
388.5734, 0.8936
389.1211, 0.9026
389.6686, 0.9116
390.2218, 0.9266
390.7694, 0.9357
391.3172, 0.9447
391.8675, 0.9567
392.4125, 0.9627
392.9588, 0.9702
393.5024, 0.9747
394.0447, 0.9777
394.5897, 0.9837
395.1401, 0.9957
395.6823, 0.9987
396.2232, 1.0003
396.7628, 1.0003
397.3024, 1.0003
397.842, 1.0003
398.3815, 1.0003
398.9211, 1.0003
399.4593, 0.9987
398.9184, 0.9971
399.458, 0.9971
399.9962, 0.9957
400.5303, 0.9897
401.0686, 0.9882
401.6054, 0.9851
402.1423, 0.9822
402.6804, 0.9807
403.216, 0.9762
403.7542, 0.9747
404.2925, 0.9731
404.8293, 0.9702
405.3675, 0.9687
405.9071, 0.9687
406.4413, 0.9627
406.9808, 0.9627
407.5191, 0.9612
408.0586, 0.9612
408.5981, 0.9612
409.1364, 0.9597
409.676, 0.9597
410.2142, 0.9582
410.7524, 0.9567
411.2906, 0.9552
411.8275, 0.9522
412.3657, 0.9506
412.9039, 0.9492
413.4435, 0.9492
413.9817, 0.9477
414.5199, 0.9462
415.0594, 0.9462
415.5991, 0.9462
416.1387, 0.9462
416.6796, 0.9477
417.2191, 0.9477
417.7574, 0.9462
418.2955, 0.9447
418.8324, 0.9417
419.3707, 0.9402
419.9102, 0.9402
420.4498, 0.9402
420.9893, 0.9402
421.5276, 0.9386
422.0658, 0.9372
422.604, 0.9357
423.1421, 0.9342
423.6804, 0.9327
424.2187, 0.9312
424.7555, 0.9282
425.2843, 0.9161
425.8197, 0.9116
426.358, 0.9101
426.8936, 0.9056
427.4304, 0.9026
427.9659, 0.8981
428.5001, 0.8921
429.037, 0.8891
429.5737, 0.886
430.1107, 0.8831
430.6489, 0.8816
431.1844, 0.8771
431.7186, 0.8711
432.2541, 0.8666
432.7896, 0.862
433.3197, 0.8516
433.8553, 0.8471
434.3894, 0.8411
434.9195, 0.8305
435.4537, 0.8245
435.9906, 0.8215
436.5261, 0.817
437.0603, 0.811
437.5944, 0.805
438.1218, 0.7915
438.656, 0.7854
439.1915, 0.781
439.7229, 0.772
440.253, 0.7614
440.7846, 0.7524
441.3133, 0.7404
441.846, 0.7328
442.379, 0.7254
442.9104, 0.7164
443.4459, 0.7119
443.9801, 0.7059
444.5089, 0.6939
445.039, 0.6834
445.5732, 0.6773
446.1087, 0.6728
446.6428, 0.6667
447.1702, 0.6533
447.6963, 0.6383
448.2291, 0.6308
448.7633, 0.6248
449.3002, 0.6218
449.8316, 0.6128
450.3671, 0.6082
450.9013, 0.6023
451.4274, 0.5872
451.9575, 0.5767
452.4903, 0.5692
453.0231, 0.5617
453.5586, 0.5572
454.0941, 0.5527
454.6242, 0.5422
455.1557, 0.5332
455.6885, 0.5257
456.216, 0.5121
456.7528, 0.5091
457.2883, 0.5046
457.8157, 0.491
458.3513, 0.4866
458.8895, 0.4851
459.4223, 0.4776
459.9565, 0.4716
460.4906, 0.4656
461.0234, 0.4581
461.5575, 0.4521
462.0918, 0.4461
462.6219, 0.4355
463.1574, 0.431
463.6916, 0.425
464.2244, 0.4175
464.7612, 0.4144
465.2981, 0.4115
465.8282, 0.401
466.3638, 0.3965
466.8993, 0.392
467.4321, 0.3845
467.9676, 0.38
468.5018, 0.374
469.0346, 0.3665
469.5715, 0.3635
470.1083, 0.3605
470.6425, 0.3544
471.1794, 0.3514
471.7149, 0.3469
472.249, 0.3409
472.7846, 0.3364
473.3228, 0.3349
473.8596, 0.3319
474.3938, 0.3259
474.9293, 0.3214
475.4647, 0.3169
475.999, 0.3109
476.5345, 0.3064
477.0727, 0.3049
477.6096, 0.3019
478.1451, 0.2974
478.6833, 0.2959
479.2175, 0.2899
479.7544, 0.2869
480.2912, 0.2839
480.8281, 0.2809
481.365, 0.2778
481.9018, 0.2748
482.4374, 0.2703
482.9756, 0.2688
483.5124, 0.2658
484.0507, 0.2643
484.5875, 0.2612
485.1244, 0.2583
485.6599, 0.2538
486.1968, 0.2508
486.7323, 0.2463
487.2665, 0.2403
487.806, 0.2403
488.3442, 0.2388
488.8838, 0.2388
489.422, 0.2373
489.9575, 0.2328
490.4944, 0.2298
491.0326, 0.2283
491.5708, 0.2268
492.1091, 0.2253
492.6459, 0.2223
493.1842, 0.2208
493.7224, 0.2193
494.2606, 0.2178
494.8002, 0.2178
495.337, 0.2147
495.8766, 0.2147
496.4148, 0.2133
496.9529, 0.2118
497.4926, 0.2118
498.0308, 0.2103
498.5704, 0.2103
499.1072, 0.2073
499.6441, 0.2043
500.1796, 0.1997
500.7165, 0.1967
501.2547, 0.1952
501.7915, 0.1922
502.3312, 0.1922
502.8694, 0.1907
503.4076, 0.1892
503.9458, 0.1877
504.484, 0.1862
505.0209, 0.1832
505.5591, 0.1817
506.0973, 0.1802
506.6355, 0.1787
507.1724, 0.1757
507.7093, 0.1727
508.2475, 0.1712
508.7856, 0.1697
509.3239, 0.1682
509.862, 0.1667
510.4003, 0.1652
510.9399, 0.1652
511.4782, 0.1637
512.0177, 0.1637
512.5558, 0.1622
513.0942, 0.1607
513.6337, 0.1607
514.1733, 0.1607
514.7128, 0.1607
515.2497, 0.1577
515.7879, 0.1562
516.3275, 0.1562
516.8657, 0.1547
517.4039, 0.1532
517.9435, 0.1532
518.4817, 0.1517
519.0213, 0.1517
519.5609, 0.1517
520.1004, 0.1517
520.6387, 0.1502
521.1769, 0.1487
521.7137, 0.1457
522.2506, 0.1427
522.7902, 0.1427
523.3284, 0.1412
523.8639, 0.1367
524.4021, 0.1352
524.9403, 0.1337
525.4799, 0.1337
526.0181, 0.1322
526.5564, 0.1307
527.0959, 0.1307
527.6341, 0.1292
528.1724, 0.1277
528.7119, 0.1277
529.2501, 0.1262
529.7896, 0.1262
530.3252, 0.1217
530.8648, 0.1217
531.4043, 0.1217
531.9412, 0.1186
532.4808, 0.1186
533.019, 0.1171
533.5586, 0.1171
534.0982, 0.1171
534.6364, 0.1156
535.1732, 0.1126
535.7101, 0.1096
536.2483, 0.1081
536.7838, 0.1036
537.3234, 0.1036
537.8616, 0.1021
538.4012, 0.1021
538.9381, 0.0991
539.4776, 0.0991
540.0158, 0.0976
540.5541, 0.0961
541.0936, 0.0961
541.6319, 0.0946
542.1714, 0.0946
542.7096, 0.0931
543.2492, 0.0931
543.7873, 0.0916
544.3256, 0.0901
544.8652, 0.0901
545.4048, 0.0901
545.9443, 0.0901
546.4839, 0.0901
547.0221, 0.0886
547.5617, 0.0886
548.0999, 0.0871
548.6395, 0.0871
549.1777, 0.0856
549.7146, 0.0826
550.2528, 0.0811
550.7924, 0.0811
551.3306, 0.0796
551.8688, 0.0781
552.4083, 0.0781
552.9479, 0.0781
553.4875, 0.0781
554.0271, 0.0781
554.5666, 0.0781
555.1049, 0.0766
555.6444, 0.0766
556.184, 0.0766
556.7222, 0.0751
557.2604, 0.0735
557.8, 0.0735
558.3382, 0.0721
558.8778, 0.0721
559.4173, 0.0721
559.9556, 0.0706
560.495, 0.0706
561.0334, 0.0691
561.5729, 0.0691
562.1111, 0.0676
562.6507, 0.0676
563.1903, 0.0676
563.7285, 0.0661
564.2681, 0.0661
564.8063, 0.0646
565.3458, 0.0646
565.8841, 0.0631
566.4223, 0.0616
566.9618, 0.0616
567.5001, 0.0601
568.0396, 0.0601
568.5792, 0.0601
569.1188, 0.0601
569.6583, 0.0601
570.1979, 0.0601
570.7361, 0.0586
571.2743, 0.0571
571.8126, 0.0556
572.3521, 0.0556
572.8902, 0.0541
573.4285, 0.0526
573.9681, 0.0526
574.5064, 0.0511
575.0459, 0.0511
575.5855, 0.0511
576.1251, 0.0511
576.6646, 0.0511
577.2042, 0.0511
577.7424, 0.0496
578.282, 0.0496
578.8202, 0.0481
579.3584, 0.0466
579.898, 0.0466
580.4376, 0.0466
580.9771, 0.0466
581.5167, 0.0466
582.0549, 0.0451
582.5945, 0.0451
583.134, 0.0451
583.6723, 0.0436
584.2118, 0.0436
584.7513, 0.0436
585.291, 0.0436
585.8305, 0.0436
586.37, 0.0436
586.9097, 0.0436
587.4492, 0.0436
587.9875, 0.0421
588.5257, 0.0406
589.0652, 0.0406
589.6035, 0.039
590.143, 0.039
590.6825, 0.039
591.2208, 0.0375
591.7604, 0.0375
592.3, 0.0375
592.8395, 0.0375
593.3777, 0.036
593.9173, 0.036
594.4555, 0.0345
594.995, 0.0345
595.5347, 0.0345
596.0729, 0.033
596.6124, 0.033
597.152, 0.033
597.6916, 0.033
598.2312, 0.033
598.7694, 0.0315
599.3089, 0.0315
599.8485, 0.0315
600.3894, 0.033
600.929, 0.033
601.4686, 0.033
602.0095, 0.0345
602.549, 0.0345
603.0886, 0.0345
603.6295, 0.036
604.1691, 0.036
604.71, 0.0375
605.2496, 0.0375
605.7877, 0.036
606.3274, 0.036
606.8669, 0.036
607.4052, 0.0345
607.9447, 0.0345
